686 ’ 131133 - 11311133.

311111 au (13333113 (1113313, 3313113111131131113111 peuple
11313 331331333111133101 (133 romain 1101. Α-11113113),31311
33110131133, 11331 11113 par les 13 guerre des 6311133 (1, mm,
Carnutes 1 33331, 11 131311 1, 11111,361,3113311133311311
,1311111313 les 3131111333, 11Π1, rendit-il (133 331 3111133111 30-
1111131· ffiffi‘vissjeffinffifflfffflfi?

1-4, 6, 7, 9). Ρ31(13111 1301113
Ἠ {rande 1113 (13 13 guerre

es Gau es, 133 Ε(1113133311-
131111311 aux 33133 (13 03331

Η31111113 1311131113, 113113 contre 1311330111131110133,11313
13311301313133311311111131, 1’31131(101131311 qu'en 701131
Αἰθίοπες, Ε1111ο 1313, 13101113 pour se Ι0111113 3 13 ligne
3311131331311 11311111, 31131, 1111101313 11111, 11111, 4). 110133
plns 311,33111311311 ; civitas la (1313113 (133 (13111013 31 13

aedua, 11, 111, 1· V, vn, 1, ,11133311331313311111313 11-
31311111 111 1111111111
3, 313. Au pluriel‚ 11113 311113ἶ 1111 deux 11131313 31 ’3111111331
13111311311, Η311111 (1331313 dans leur pays,V11, 111111,5,
13 peuple des Eduens, 1, 111, xc, 1, 3, 7,31.1, x, 1, 111, 1,
1, 313, 31 1 1310111113 13 111, 3, 6, xv, 1,1111, 1-5; 11111,
1311110113 3 131, 1, 1111111, 1, 4,11111,3,10,1111,1311,11111,
1111111111, 1, 111, 3, 11111, 1,)111111, 6, 1111, 3, 6, 8, 16,
1, xc, l, 7. 1331111313110111- 11111, 1,1,1111, 6, 7, 9, mv.
131131 (13 1333 33111313, occu· 9,11111,1,11,1, 3 , 1111, 1, 3,
031311 (1313 13 63113 (13111313 5, 6, 111, 1,11, 11, 1, vn.
(101. (1311131413131111011331- 31, 111, 4,111, 11, 111111,
113 3111313 0113 31 13 Saone 1111, 11, 4, 6, 11, 1, 3, 1111,
(111, 1,1;11, 5, 111,1),3’331- 1,3,,111111,1,11111,1, xxm,
3111331311133133111333113 1, 111111, 3-6, 11111111, 5, 6,
11013 (131311311313 13 53313 10, 11, 1, 6,111, 1, 11111, 1,
31-10113, 13 111311331133111 de 111, 16, 111, 1-3, 11, 1, 1,
13 36131101. 113 avaient pour 11111, 1, 4, 8, 1111, 4· 111, 1,
capitale 81113313 1101331101). 11111, 7, 11111,1;11111,1111, 1,
113 3011111311 0311111133 u· 1111, 1, 111, 4, 5.

133 13311113 im 0113113 313 113111333101111113311110.
1131113 1131113113 ὅ, 111111, 1, 3), Η31111133, peuple germain.
0111131313131113111311133 3111113113 de 13 (1131301333
11311313133113113133,13383- Cimbrique, 31, au 1113113111
(1131313 31 133 Arvernos. 113 (1011 ,13113 (1333111111, 10,
3131311 (13 1311111311 3113113 3131111 31113 13111111, 13 Mein
(11111111,1).133Ε(11313111311 31 13 Danube. Les Harudes m-

ffi} (13311131113131310133 gau· vagent 13131111011313311113113
18 (1111113111 311131333133 133 31 33111311311 avec 111101131-
01113113. 113 313131111331 du 301113 Cesar, 11111111, 11, 1.

 

